Participant2_2019_April2019_Shot0143.jpg:-9662056.775,3962908.437,-9662817.604,3965797.516,-9660640.339,3968055.887,-9657582.331,3967701.823,-9656394.826,3968059.195,-9652904.606,3966512.294								
Participant2_2019_March2019_Shot0175.jpg:-9661617.205,3959623.891,-9661982.052,3960864.751,-9661878.109,3961550.330,-9663068.179,3961148.806,-9663071.541,3960672.624,-9664320.807,3960029.775								
Participant2_2019_May2019_Shot0178.jpg:-9663230.398,3962799.805,-9663004.990,3962770.175,-9659202.878,3964940.406,-9658943.594,3965143.685										
Participant2_2019_November2019_Shot0161.jpg:-9661951.276,3961615.565,-9664104.593,3961862.900,-9665548.725,3965048.037,-9665156.360,3966578.374,-9667030.625,3970107.206									
Participant2_2019_November2019_Shot0231.jpg:-9661294.781,3963342.079,-9661337.529,3963420.811,-9661570.381,3963830.692,-9661898.364,3963720.590,-9662293.581,3964575.970,-9662377.384,3964403.485,-9663076.258,3964005.241,-9663007.651,3963877.330						
Participant2_2019_November2019_Shot0302.jpg:-9663229.629,3962797.241,-9662844.744,3962860.554,-9662074.126,3963298.496,-9661656.548,3962577.987,-9660338.441,3962321.826,-9659567.081,3962050.977,-9658270.651,3962686.052,-9657793.462,3962722.525						
Participant2_2019_October2019_Shot0154.jpg:-9662433.187,3961762.338,-9662586.755,3962401.937,-9664206.942,3961555.085,-9665715.533,3959580.014,-9666789.830,3959311.188,-9669252.564,3959318.478,-9671044.642,3958653.045							
Participant2_2019_October2019_Shot0224.jpg:-9662879.683,3962918.955,-9662689.193,3962951.330,-9662119.589,3961937.370											
Participant2_2019_October2019_Shot0296.jpg:-9663141.414,3963010.015,-9662690.085,3962949.478,-9659199.701,3964936.350,-9657981.355,3965385.847										
Participant2_2019_September2019_Shot0181.jpg:-9661252.227,3963364.445,-9661141.393,3963424.639,-9660792.123,3962990.475,-9660932.021,3962889.264,-9660836.660,3962613.951									
Participant2_2019_September2019_Shot0250.jpg:-9661255.419,3959353.524,-9661093.415,3959359.277,-9661069.443,3959735.866,-9659499.348,3959788.818,-9658644.515,3960604.707,-9657369.808,3961876.260,-9657021.319,3962258.269							
Participant2_2021_April2021_Shot0260.jpg:-9662270.715,3962211.197,-9662117.906,3961935.443,-9663355.112,3961238.172,-9663313.511,3960677.701,-9663500.038,3960681.304									
Participant2_2021_March2021_Shot0184.jpg:-9662058.935,3961805.944,-9662429.043,3962490.976,-9664106.806,3961882.927,-9665288.121,3966053.164,-9667032.366,3970078.604									
Participant2_2021_May2021_Shot0330.jpg:-9662327.875,3961941.603,-9661929.342,3961971.816,-9661843.359,3962113.322,-9661660.329,3962221.983,-9661484.973,3962538.608,-9660753.485,3962202.312,-9660484.839,3962220.066,-9659944.923,3962300.629,-9659806.379,3962453.067					
Participant2_2021_October2021_Shot0168.jpg:-9657790.499,3962048.524,-9658274.434,3962684.234,-9659802.143,3962271.753,-9660481.274,3962223.709,-9661412.033,3962530.739,-9662077.052,3963301.083,-9662723.038,3963011.171							
